**ELEMENTS FOR MODE-I CRACK PROBLEM_A&B1
*ELEMENT,TYPE=CPE4RT,ELSET=ALLE
   1,     1,   13,  205,   50
   2,    13,   14,  206,  205
   3,    14,   15,  207,  206
   4,    15,   16,  208,  207
   5,    16,   17,  209,  208
   6,    17,   18,  210,  209
   7,    18,    2,   19,  210
   8,    50,  205,  211,   49
   9,   205,  206,  212,  211
  10,   206,  207,  213,  212
  11,   207,  208,  214,  213
  12,   208,  209,  215,  214
  13,   209,  210,  216,  215
  14,   210,   19,   20,  216
  15,    49,  211,  217,   48
  16,   211,  212,  218,  217
  17,   212,  213,  219,  218
  18,   213,  214,  220,  219
  19,   214,  215,  221,  220
  20,   215,  216,  222,  221
  21,   216,   20,   21,  222
  22,    48,  217,  223,   47
  23,   217,  218,  224,  223
  24,   218,  219,  225,  224
  25,   219,  220,  226,  225
  26,   220,  221,  227,  226
  27,   221,  222,  228,  227
  28,   222,   21,   22,  228
  29,    47,  223,  229,   46
  30,   223,  224,  230,  229
  31,   224,  225,  231,  230
  32,   225,  226,  232,  231
  33,   226,  227,  233,  232
  34,   227,  228,  234,  233
  35,   228,   22,   23,  234
  36,    46,  229,  235,   45
  37,   229,  230,  236,  235
  38,   230,  231,  237,  236
  39,   231,  232,  238,  237
  40,   232,  233,  239,  238
  41,   233,  234,  240,  239
  42,   234,   23,   24,  240
  43,    45,  235,  241,   44
  44,   235,  236,  242,  241
  45,   236,  237,  243,  242
  46,   237,  238,  244,  243
  47,   238,  239,  245,  244
  48,   239,  240,  246,  245
  49,   240,   24,   25,  246
  50,    44,  241,  247,   43
  51,   241,  242,  248,  247
  52,   242,  243,  249,  248
  53,   243,  244,  250,  249
  54,   244,  245,  251,  250
  55,   245,  246,  252,  251
  56,   246,   25,   26,  252
  57,    43,  247,  253,   42
  58,   247,  248,  254,  253
  59,   248,  249,  255,  254
  60,   249,  250,  256,  255
  61,   250,  251,  257,  256
  62,   251,  252,  258,  257
  63,   252,   26,   27,  258
  64,    42,  253,  259,   41
  65,   253,  254,  260,  259
  66,   254,  255,  261,  260
  67,   255,  256,  262,  261
  68,   256,  257,  263,  262
  69,   257,  258,  264,  263
  70,   258,   27,   28,  264
  71,    41,  259,  265,   40
  72,   259,  260,  266,  265
  73,   260,  261,  267,  266
  74,   261,  262,  268,  267
  75,   262,  263,  269,  268
  76,   263,  264,  270,  269
  77,   264,   28,   29,  270
  78,    40,  265,  271,   39
  79,   265,  266,  272,  271
  80,   266,  267,  273,  272
  81,   267,  268,  274,  273
  82,   268,  269,  275,  274
  83,   269,  270,  276,  275
  84,   270,   29,   30,  276
  85,    39,  271,  277,   38
  86,   271,  272,  278,  277
  87,   272,  273,  279,  278
  88,   273,  274,  280,  279
  89,   274,  275,  281,  280
  90,   275,  276,  282,  281
  91,   276,   30,   31,  282
  92,    38,  277,   37,    4
  93,   277,  278,   36,   37
  94,   278,  279,   35,   36
  95,   279,  280,   34,   35
  96,   280,  281,   33,   34
  97,   281,  282,   32,   33
  98,   282,   31,    3,   32
  99,     2,   18,  283,   84
 100,    18,   17,  284,  283
 101,    17,   16,  285,  284
 102,    16,   15,  286,  285
 103,    15,   14,  287,  286
 104,    14,   13,  288,  287
 105,    13,    1,   51,  288
 106,    84,  283,  289,   83
 107,   283,  284,  290,  289
 108,   284,  285,  291,  290
 109,   285,  286,  292,  291
 110,   286,  287,  293,  292
 111,   287,  288,  294,  293
 112,   288,   51,   52,  294
 113,    83,  289,  295,   82
 114,   289,  290,  296,  295
 115,   290,  291,  297,  296
 116,   291,  292,  298,  297
 117,   292,  293,  299,  298
 118,   293,  294,  300,  299
 119,   294,   52,   53,  300
 120,    82,  295,  301,   81
 121,   295,  296,  302,  301
 122,   296,  297,  303,  302
 123,   297,  298,  304,  303
 124,   298,  299,  305,  304
 125,   299,  300,  306,  305
 126,   300,   53,   54,  306
 127,    81,  301,  307,   80
 128,   301,  302,  308,  307
 129,   302,  303,  309,  308
 130,   303,  304,  310,  309
 131,   304,  305,  311,  310
 132,   305,  306,  312,  311
 133,   306,   54,   55,  312
 134,    80,  307,  313,   79
 135,   307,  308,  314,  313
 136,   308,  309,  315,  314
 137,   309,  310,  316,  315
 138,   310,  311,  317,  316
 139,   311,  312,  318,  317
 140,   312,   55,   56,  318
 141,    79,  313,  319,   78
 142,   313,  314,  320,  319
 143,   314,  315,  321,  320
 144,   315,  316,  322,  321
 145,   316,  317,  323,  322
 146,   317,  318,  324,  323
 147,   318,   56,   57,  324
 148,    78,  319,  325,   77
 149,   319,  320,  326,  325
 150,   320,  321,  327,  326
 151,   321,  322,  328,  327
 152,   322,  323,  329,  328
 153,   323,  324,  330,  329
 154,   324,   57,   58,  330
 155,    77,  325,  331,   76
 156,   325,  326,  332,  331
 157,   326,  327,  333,  332
 158,   327,  328,  334,  333
 159,   328,  329,  335,  334
 160,   329,  330,  336,  335
 161,   330,   58,   59,  336
 162,    76,  331,  337,   75
 163,   331,  332,  338,  337
 164,   332,  333,  339,  338
 165,   333,  334,  340,  339
 166,   334,  335,  341,  340
 167,   335,  336,  342,  341
 168,   336,   59,   60,  342
 169,    75,  337,  343,   74
 170,   337,  338,  344,  343
 171,   338,  339,  345,  344
 172,   339,  340,  346,  345
 173,   340,  341,  347,  346
 174,   341,  342,  348,  347
 175,   342,   60,   61,  348
 176,    74,  343,  349,   73
 177,   343,  344,  350,  349
 178,   344,  345,  351,  350
 179,   345,  346,  352,  351
 180,   346,  347,  353,  352
 181,   347,  348,  354,  353
 182,   348,   61,   62,  354
 183,    73,  349,  355,   72
 184,   349,  350,  356,  355
 185,   350,  351,  357,  356
 186,   351,  352,  358,  357
 187,   352,  353,  359,  358
 188,   353,  354,  360,  359
 189,   354,   62,   63,  360
 190,    72,  355,  361,   71
 191,   355,  356,  362,  361
 192,   356,  357,  363,  362
 193,   357,  358,  364,  363
 194,   358,  359,  365,  364
 195,   359,  360,  366,  365
 196,   360,   63,   64,  366
 197,    71,  361,   70,    6
 198,   361,  362,   69,   70
 199,   362,  363,   68,   69
 200,   363,  364,   67,   68
 201,   364,  365,   66,   67
 202,   365,  366,   65,   66
 203,   366,   64,    5,   65
 204,     5,   64,  367,  103
 205,    64,   63,  368,  367
 206,    63,   62,  369,  368
 207,    62,   61,  370,  369
 208,    61,   60,  371,  370
 209,    60,   59,  372,  371
 210,    59,   58,  373,  372
 211,    58,   57,  374,  373
 212,    57,   56,  375,  374
 213,    56,   55,  376,  375
 214,    55,   54,  377,  376
 215,    54,   53,  378,  377
 216,    53,   52,  379,  378
 217,    52,   51,  380,  379
 218,    51,    1,   50,  380
 219,   103,  367,  381,  102
 220,   367,  368,  382,  381
 221,   368,  369,  383,  382
 222,   369,  370,  384,  383
 223,   370,  371,  385,  384
 224,   371,  372,  386,  385
 225,   372,  373,  387,  386
 226,   373,  374,  388,  387
 227,   374,  375,  389,  388
 228,   375,  376,  390,  389
 229,   376,  377,  391,  390
 230,   377,  378,  392,  391
 231,   378,  379,  393,  392
 232,   379,  380,  394,  393
 233,   380,   50,   49,  394
 234,   102,  381,  395,  101
 235,   381,  382,  396,  395
 236,   382,  383,  397,  396
 237,   383,  384,  398,  397
 238,   384,  385,  399,  398
 239,   385,  386,  400,  399
 240,   386,  387,  401,  400
 241,   387,  388,  402,  401
 242,   388,  389,  403,  402
 243,   389,  390,  404,  403
 244,   390,  391,  405,  404
 245,   391,  392,  406,  405
 246,   392,  393,  407,  406
 247,   393,  394,  408,  407
 248,   394,   49,   48,  408
 249,   101,  395,  409,  100
 250,   395,  396,  410,  409
 251,   396,  397,  411,  410
 252,   397,  398,  412,  411
 253,   398,  399,  413,  412
 254,   399,  400,  414,  413
 255,   400,  401,  415,  414
 256,   401,  402,  416,  415
 257,   402,  403,  417,  416
 258,   403,  404,  418,  417
 259,   404,  405,  419,  418
 260,   405,  406,  420,  419
 261,   406,  407,  421,  420
 262,   407,  408,  422,  421
 263,   408,   48,   47,  422
 264,   100,  409,  423,   99
 265,   409,  410,  424,  423
 266,   410,  411,  425,  424
 267,   411,  412,  426,  425
 268,   412,  413,  427,  426
 269,   413,  414,  428,  427
 270,   414,  415,  429,  428
 271,   415,  416,  430,  429
 272,   416,  417,  431,  430
 273,   417,  418,  432,  431
 274,   418,  419,  433,  432
 275,   419,  420,  434,  433
 276,   420,  421,  435,  434
 277,   421,  422,  436,  435
 278,   422,   47,   46,  436
 279,    99,  423,  437,    7
 280,   423,  424,  438,  437
 281,   424,  425,  439,  438
 282,   425,  426,  440,  439
 283,   426,  427,  441,  440
 284,   427,  428,  442,  441
 285,   428,  429,  443,  442
 286,   429,  430,  444,  443
 287,   430,  431,  445,  444
 288,   431,  432,  446,  445
 289,   432,  433,  447,  446
 290,   433,  434,  448,  447
 291,   434,  435,  449,  448
 292,   435,  436,  450,  449
 293,   436,   46,   45,  450
 294,     7,  437,  451,  110
 295,   437,  438,  452,  451
 296,   438,  439,  453,  452
 297,   439,  440,  454,  453
 298,   440,  441,  455,  454
 299,   441,  442,  456,  455
 300,   442,  443,  457,  456
 301,   443,  444,  458,  457
 302,   444,  445,  459,  458
 303,   445,  446,  460,  459
 304,   446,  447,  461,  460
 305,   447,  448,  462,  461
 306,   448,  449,  463,  462
 307,   449,  450,  464,  463
 308,   450,   45,   44,  464
 309,   110,  451,  465,  109
 310,   451,  452,  466,  465
 311,   452,  453,  467,  466
 312,   453,  454,  468,  467
 313,   454,  455,  469,  468
 314,   455,  456,  470,  469
 315,   456,  457,  471,  470
 316,   457,  458,  472,  471
 317,   458,  459,  473,  472
 318,   459,  460,  474,  473
 319,   460,  461,  475,  474
 320,   461,  462,  476,  475
 321,   462,  463,  477,  476
 322,   463,  464,  478,  477
 323,   464,   44,   43,  478
 324,   109,  465,  479,  108
 325,   465,  466,  480,  479
 326,   466,  467,  481,  480
 327,   467,  468,  482,  481
 328,   468,  469,  483,  482
 329,   469,  470,  484,  483
 330,   470,  471,  485,  484
 331,   471,  472,  486,  485
 332,   472,  473,  487,  486
 333,   473,  474,  488,  487
 334,   474,  475,  489,  488
 335,   475,  476,  490,  489
 336,   476,  477,  491,  490
 337,   477,  478,  492,  491
 338,   478,   43,   42,  492
 339,   108,  479,  493,  107
 340,   479,  480,  494,  493
 341,   480,  481,  495,  494
 342,   481,  482,  496,  495
 343,   482,  483,  497,  496
 344,   483,  484,  498,  497
 345,   484,  485,  499,  498
 346,   485,  486,  500,  499
 347,   486,  487,  501,  500
 348,   487,  488,  502,  501
 349,   488,  489,  503,  502
 350,   489,  490,  504,  503
 351,   490,  491,  505,  504
 352,   491,  492,  506,  505
 353,   492,   42,   41,  506
 354,   107,  493,  507,  106
 355,   493,  494,  508,  507
 356,   494,  495,  509,  508
 357,   495,  496,  510,  509
 358,   496,  497,  511,  510
 359,   497,  498,  512,  511
 360,   498,  499,  513,  512
 361,   499,  500,  514,  513
 362,   500,  501,  515,  514
 363,   501,  502,  516,  515
 364,   502,  503,  517,  516
 365,   503,  504,  518,  517
 366,   504,  505,  519,  518
 367,   505,  506,  520,  519
 368,   506,   41,   40,  520
 369,   106,  507,  521,  105
 370,   507,  508,  522,  521
 371,   508,  509,  523,  522
 372,   509,  510,  524,  523
 373,   510,  511,  525,  524
 374,   511,  512,  526,  525
 375,   512,  513,  527,  526
 376,   513,  514,  528,  527
 377,   514,  515,  529,  528
 378,   515,  516,  530,  529
 379,   516,  517,  531,  530
 380,   517,  518,  532,  531
 381,   518,  519,  533,  532
 382,   519,  520,  534,  533
 383,   520,   40,   39,  534
 384,   105,  521,  535,  104
 385,   521,  522,  536,  535
 386,   522,  523,  537,  536
 387,   523,  524,  538,  537
 388,   524,  525,  539,  538
 389,   525,  526,  540,  539
 390,   526,  527,  541,  540
 391,   527,  528,  542,  541
 392,   528,  529,  543,  542
 393,   529,  530,  544,  543
 394,   530,  531,  545,  544
 395,   531,  532,  546,  545
 396,   532,  533,  547,  546
 397,   533,  534,  548,  547
 398,   534,   39,   38,  548
 399,   104,  535,   98,    8
 400,   535,  536,   97,   98
 401,   536,  537,   96,   97
 402,   537,  538,   95,   96
 403,   538,  539,   94,   95
 404,   539,  540,   93,   94
 405,   540,  541,   92,   93
 406,   541,  542,   91,   92
 407,   542,  543,   90,   91
 408,   543,  544,   89,   90
 409,   544,  545,   88,   89
 410,   545,  546,   87,   88
 411,   546,  547,   86,   87
 412,   547,  548,   85,   86
 413,   548,   38,    4,   85
 414,     5,  111,  549,   65
 415,   111,  112,  550,  549
 416,   112,  113,  551,  550
 417,   113,  114,  552,  551
 418,   114,  115,  553,  552
 419,   115,  116,  554,  553
 420,   116,  117,  555,  554
 421,   117,  118,  556,  555
 422,   118,  119,  557,  556
 423,   119,  120,  558,  557
 424,   120,  121,  559,  558
 425,   121,  122,  560,  559
 426,   122,  123,  561,  560
 427,   123,  124,  562,  561
 428,   124,  125,  563,  562
 429,   125,  126,  564,  563
 430,   126,  127,  565,  564
 431,   127,  128,  566,  565
 432,   128,  129,  567,  566
 433,   129,    9,  130,  567
 434,    65,  549,  568,   66
 435,   549,  550,  569,  568
 436,   550,  551,  570,  569
 437,   551,  552,  571,  570
 438,   552,  553,  572,  571
 439,   553,  554,  573,  572
 440,   554,  555,  574,  573
 441,   555,  556,  575,  574
 442,   556,  557,  576,  575
 443,   557,  558,  577,  576
 444,   558,  559,  578,  577
 445,   559,  560,  579,  578
 446,   560,  561,  580,  579
 447,   561,  562,  581,  580
 448,   562,  563,  582,  581
 449,   563,  564,  583,  582
 450,   564,  565,  584,  583
 451,   565,  566,  585,  584
 452,   566,  567,  586,  585
 453,   567,  130,  131,  586
 454,    66,  568,  587,   67
 455,   568,  569,  588,  587
 456,   569,  570,  589,  588
 457,   570,  571,  590,  589
 458,   571,  572,  591,  590
 459,   572,  573,  592,  591
 460,   573,  574,  593,  592
 461,   574,  575,  594,  593
 462,   575,  576,  595,  594
 463,   576,  577,  596,  595
 464,   577,  578,  597,  596
 465,   578,  579,  598,  597
 466,   579,  580,  599,  598
 467,   580,  581,  600,  599
 468,   581,  582,  601,  600
 469,   582,  583,  602,  601
 470,   583,  584,  603,  602
 471,   584,  585,  604,  603
 472,   585,  586,  605,  604
 473,   586,  131,  132,  605
 474,    67,  587,  606,   68
 475,   587,  588,  607,  606
 476,   588,  589,  608,  607
 477,   589,  590,  609,  608
 478,   590,  591,  610,  609
 479,   591,  592,  611,  610
 480,   592,  593,  612,  611
 481,   593,  594,  613,  612
 482,   594,  595,  614,  613
 483,   595,  596,  615,  614
 484,   596,  597,  616,  615
 485,   597,  598,  617,  616
 486,   598,  599,  618,  617
 487,   599,  600,  619,  618
 488,   600,  601,  620,  619
 489,   601,  602,  621,  620
 490,   602,  603,  622,  621
 491,   603,  604,  623,  622
 492,   604,  605,  624,  623
 493,   605,  132,  133,  624
 494,    68,  606,  625,   69
 495,   606,  607,  626,  625
 496,   607,  608,  627,  626
 497,   608,  609,  628,  627
 498,   609,  610,  629,  628
 499,   610,  611,  630,  629
 500,   611,  612,  631,  630
 501,   612,  613,  632,  631
 502,   613,  614,  633,  632
 503,   614,  615,  634,  633
 504,   615,  616,  635,  634
 505,   616,  617,  636,  635
 506,   617,  618,  637,  636
 507,   618,  619,  638,  637
 508,   619,  620,  639,  638
 509,   620,  621,  640,  639
 510,   621,  622,  641,  640
 511,   622,  623,  642,  641
 512,   623,  624,  643,  642
 513,   624,  133,  134,  643
 514,    69,  625,  644,   70
 515,   625,  626,  645,  644
 516,   626,  627,  646,  645
 517,   627,  628,  647,  646
 518,   628,  629,  648,  647
 519,   629,  630,  649,  648
 520,   630,  631,  650,  649
 521,   631,  632,  651,  650
 522,   632,  633,  652,  651
 523,   633,  634,  653,  652
 524,   634,  635,  654,  653
 525,   635,  636,  655,  654
 526,   636,  637,  656,  655
 527,   637,  638,  657,  656
 528,   638,  639,  658,  657
 529,   639,  640,  659,  658
 530,   640,  641,  660,  659
 531,   641,  642,  661,  660
 532,   642,  643,  662,  661
 533,   643,  134,  135,  662
 534,    70,  644,  154,    6
 535,   644,  645,  153,  154
 536,   645,  646,  152,  153
 537,   646,  647,  151,  152
 538,   647,  648,  150,  151
 539,   648,  649,  149,  150
 540,   649,  650,  148,  149
 541,   650,  651,  147,  148
 542,   651,  652,  146,  147
 543,   652,  653,  145,  146
 544,   653,  654,  144,  145
 545,   654,  655,  143,  144
 546,   655,  656,  142,  143
 547,   656,  657,  141,  142
 548,   657,  658,  140,  141
 549,   658,  659,  139,  140
 550,   659,  660,  138,  139
 551,   660,  661,  137,  138
 552,   661,  662,  136,  137
 553,   662,  135,   10,  136
 554,   166,  663,  670,  165
 555,   663,  664,  671,  670
 556,   664,  665,  672,  671
 557,   665,  666,  673,  672
 558,   666,  667,  674,  673
 559,   667,  668,  675,  674
 560,   668,  669,  676,  675
 561,   669,  181,  182,  676
 562,   165,  670,  677,  164
 563,   670,  671,  678,  677
 564,   671,  672,  679,  678
 565,   672,  673,  680,  679
 566,   673,  674,  681,  680
 567,   674,  675,  682,  681
 568,   675,  676,  683,  682
 569,   676,  182,  183,  683
 570,   164,  677,  684,  163
 571,   677,  678,  685,  684
 572,   678,  679,  686,  685
 573,   679,  680,  687,  686
 574,   680,  681,  688,  687
 575,   681,  682,  689,  688
 576,   682,  683,  690,  689
 577,   683,  183,  184,  690
 578,   163,  684,  691,  162
 579,   684,  685,  692,  691
 580,   685,  686,  693,  692
 581,   686,  687,  694,  693
 582,   687,  688,  695,  694
 583,   688,  689,  696,  695
 584,   689,  690,  697,  696
 585,   690,  184,  185,  697
 586,   162,  691,  698,  161
 587,   691,  692,  699,  698
 588,   692,  693,  700,  699
 589,   693,  694,  701,  700
 590,   694,  695,  702,  701
 591,   695,  696,  703,  702
 592,   696,  697,  704,  703
 593,   697,  185,  186,  704
 594,   161,  698,  705,  160
 595,   698,  699,  706,  705
 596,   699,  700,  707,  706
 597,   700,  701,  708,  707
 598,   701,  702,  709,  708
 599,   702,  703,  710,  709
 600,   703,  704,  711,  710
 601,   704,  186,  187,  711
 602,   160,  705,  712,  159
 603,   705,  706,  713,  712
 604,   706,  707,  714,  713
 605,   707,  708,  715,  714
 606,   708,  709,  716,  715
 607,   709,  710,  717,  716
 608,   710,  711,  718,  717
 609,   711,  187,  188,  718
 610,   159,  712,  719,  158
 611,   712,  713,  720,  719
 612,   713,  714,  721,  720
 613,   714,  715,  722,  721
 614,   715,  716,  723,  722
 615,   716,  717,  724,  723
 616,   717,  718,  725,  724
 617,   718,  188,  189,  725
 618,   158,  719,  726,  157
 619,   719,  720,  727,  726
 620,   720,  721,  728,  727
 621,   721,  722,  729,  728
 622,   722,  723,  730,  729
 623,   723,  724,  731,  730
 624,   724,  725,  732,  731
 625,   725,  189,  190,  732
 626,   157,  726,  733,  156
 627,   726,  727,  734,  733
 628,   727,  728,  735,  734
 629,   728,  729,  736,  735
 630,   729,  730,  737,  736
 631,   730,  731,  738,  737
 632,   731,  732,  739,  738
 633,   732,  190,  191,  739
 634,   156,  733,  740,  155
 635,   733,  734,  741,  740
 636,   734,  735,  742,  741
 637,   735,  736,  743,  742
 638,   736,  737,  744,  743
 639,   737,  738,  745,  744
 640,   738,  739,  746,  745
 641,   739,  191,  192,  746
 642,   155,  740,  199,   12
 643,   740,  741,  198,  199
 644,   741,  742,  197,  198
 645,   742,  743,  196,  197
 646,   743,  744,  195,  196
 647,   744,  745,  194,  195
 648,   745,  746,  193,  194
 649,   746,  192,   11,  193
 650,   181,  669,  747,  180
 651,   669,  668,  748,  747
 652,   668,  667,  749,  748
 653,   667,  666,  750,  749
 654,   666,  665,  751,  750
 655,   665,  664,  752,  751
 656,   664,  663,  753,  752
 657,   663,  166,  167,  753
 658,   180,  747,  754,  179
 659,   747,  748,  755,  754
 660,   748,  749,  756,  755
 661,   749,  750,  757,  756
 662,   750,  751,  758,  757
 663,   751,  752,  759,  758
 664,   752,  753,  760,  759
 665,   753,  167,  168,  760
 666,   179,  754,  761,  178
 667,   754,  755,  762,  761
 668,   755,  756,  763,  762
 669,   756,  757,  764,  763
 670,   757,  758,  765,  764
 671,   758,  759,  766,  765
 672,   759,  760,  767,  766
 673,   760,  168,  169,  767
 674,   178,  761,  768,  177
 675,   761,  762,  769,  768
 676,   762,  763,  770,  769
 677,   763,  764,  771,  770
 678,   764,  765,  772,  771
 679,   765,  766,  773,  772
 680,   766,  767,  774,  773
 681,   767,  169,  170,  774
 682,   177,  768,  775,  176
 683,   768,  769,  776,  775
 684,   769,  770,  777,  776
 685,   770,  771,  778,  777
 686,   771,  772,  779,  778
 687,   772,  773,  780,  779
 688,   773,  774,  781,  780
 689,   774,  170,  171,  781
 690,   176,  775,  782,  175
 691,   775,  776,  783,  782
 692,   776,  777,  784,  783
 693,   777,  778,  785,  784
 694,   778,  779,  786,  785
 695,   779,  780,  787,  786
 696,   780,  781,  788,  787
 697,   781,  171,  172,  788
 698,   175,  782,  789,  174
 699,   782,  783,  790,  789
 700,   783,  784,  791,  790
 701,   784,  785,  792,  791
 702,   785,  786,  793,  792
 703,   786,  787,  794,  793
 704,   787,  788,  795,  794
 705,   788,  172,  173,  795
 706,   174,  789,  104,    8
 707,   789,  790,  105,  104
 708,   790,  791,  106,  105
 709,   791,  792,  107,  106
 710,   792,  793,  108,  107
 711,   793,  794,  109,  108
 712,   794,  795,  110,  109
 713,   795,  173,    7,  110
 714,     7,  173,  796,   99
 715,   173,  172,  797,  796
 716,   172,  171,  798,  797
 717,   171,  170,  799,  798
 718,   170,  169,  800,  799
 719,   169,  168,  801,  800
 720,   168,  167,  802,  801
 721,   167,  166,  803,  802
 722,   166,  165,  804,  803
 723,   165,  164,  805,  804
 724,   164,  163,  806,  805
 725,   163,  162,  807,  806
 726,   162,  161,  808,  807
 727,   161,  160,  809,  808
 728,   160,  159,  810,  809
 729,   159,  158,  811,  810
 730,   158,  157,  812,  811
 731,   157,  156,  813,  812
 732,   156,  155,  814,  813
 733,   155,   12,  200,  814
 734,    99,  796,  815,  100
 735,   796,  797,  816,  815
 736,   797,  798,  817,  816
 737,   798,  799,  818,  817
 738,   799,  800,  819,  818
 739,   800,  801,  820,  819
 740,   801,  802,  821,  820
 741,   802,  803,  822,  821
 742,   803,  804,  823,  822
 743,   804,  805,  824,  823
 744,   805,  806,  825,  824
 745,   806,  807,  826,  825
 746,   807,  808,  827,  826
 747,   808,  809,  828,  827
 748,   809,  810,  829,  828
 749,   810,  811,  830,  829
 750,   811,  812,  831,  830
 751,   812,  813,  832,  831
 752,   813,  814,  833,  832
 753,   814,  200,  201,  833
 754,   100,  815,  834,  101
 755,   815,  816,  835,  834
 756,   816,  817,  836,  835
 757,   817,  818,  837,  836
 758,   818,  819,  838,  837
 759,   819,  820,  839,  838
 760,   820,  821,  840,  839
 761,   821,  822,  841,  840
 762,   822,  823,  842,  841
 763,   823,  824,  843,  842
 764,   824,  825,  844,  843
 765,   825,  826,  845,  844
 766,   826,  827,  846,  845
 767,   827,  828,  847,  846
 768,   828,  829,  848,  847
 769,   829,  830,  849,  848
 770,   830,  831,  850,  849
 771,   831,  832,  851,  850
 772,   832,  833,  852,  851
 773,   833,  201,  202,  852
 774,   101,  834,  853,  102
 775,   834,  835,  854,  853
 776,   835,  836,  855,  854
 777,   836,  837,  856,  855
 778,   837,  838,  857,  856
 779,   838,  839,  858,  857
 780,   839,  840,  859,  858
 781,   840,  841,  860,  859
 782,   841,  842,  861,  860
 783,   842,  843,  862,  861
 784,   843,  844,  863,  862
 785,   844,  845,  864,  863
 786,   845,  846,  865,  864
 787,   846,  847,  866,  865
 788,   847,  848,  867,  866
 789,   848,  849,  868,  867
 790,   849,  850,  869,  868
 791,   850,  851,  870,  869
 792,   851,  852,  871,  870
 793,   852,  202,  203,  871
 794,   102,  853,  872,  103
 795,   853,  854,  873,  872
 796,   854,  855,  874,  873
 797,   855,  856,  875,  874
 798,   856,  857,  876,  875
 799,   857,  858,  877,  876
 800,   858,  859,  878,  877
 801,   859,  860,  879,  878
 802,   860,  861,  880,  879
 803,   861,  862,  881,  880
 804,   862,  863,  882,  881
 805,   863,  864,  883,  882
 806,   864,  865,  884,  883
 807,   865,  866,  885,  884
 808,   866,  867,  886,  885
 809,   867,  868,  887,  886
 810,   868,  869,  888,  887
 811,   869,  870,  889,  888
 812,   870,  871,  890,  889
 813,   871,  203,  204,  890
 814,   103,  872,  111,    5
 815,   872,  873,  112,  111
 816,   873,  874,  113,  112
 817,   874,  875,  114,  113
 818,   875,  876,  115,  114
 819,   876,  877,  116,  115
 820,   877,  878,  117,  116
 821,   878,  879,  118,  117
 822,   879,  880,  119,  118
 823,   880,  881,  120,  119
 824,   881,  882,  121,  120
 825,   882,  883,  122,  121
 826,   883,  884,  123,  122
 827,   884,  885,  124,  123
 828,   885,  886,  125,  124
 829,   886,  887,  126,  125
 830,   887,  888,  127,  126
 831,   888,  889,  128,  127
 832,   889,  890,  129,  128
 833,   890,  204,    9,  129
1000,  1000, 1001, 1021, 1020
1001,  1001, 1002, 1022, 1021
1002,  1002, 1003, 1023, 1022
1003,  1003, 1004, 1024, 1023
1004,  1004, 1005, 1025, 1024
1005,  1005, 1006, 1026, 1025
1006,  1006, 1007, 1027, 1026
1007,  1007, 1008, 1028, 1027
1008,  1008, 1009, 1029, 1028
1009,  1009, 1010, 1030, 1029
1010,  1010, 1011, 1031, 1030
1011,  1011, 1012, 1032, 1031
1012,  1012, 1013, 1033, 1032
1013,  1013, 1014, 1034, 1033
1014,  1014, 1015, 1035, 1034
1015,  1015, 1016, 1036, 1035
1016,  1016, 1017, 1037, 1036
1017,  1017, 1018, 1038, 1037
1018,  1018, 1019, 1039, 1038
1020,  1020, 1021, 1041, 1040
1021,  1021, 1022, 1042, 1041
1022,  1022, 1023, 1043, 1042
1023,  1023, 1024, 1044, 1043
1024,  1024, 1025, 1045, 1044
1025,  1025, 1026, 1046, 1045
1026,  1026, 1027, 1047, 1046
1027,  1027, 1028, 1048, 1047
1028,  1028, 1029, 1049, 1048
1029,  1029, 1030, 1050, 1049
1030,  1030, 1031, 1051, 1050
1031,  1031, 1032, 1052, 1051
1032,  1032, 1033, 1053, 1052
1033,  1033, 1034, 1054, 1053
1034,  1034, 1035, 1055, 1054
1035,  1035, 1036, 1056, 1055
1036,  1036, 1037, 1057, 1056
1037,  1037, 1038, 1058, 1057
1038,  1038, 1039, 1059, 1058
1040,  1040, 1041, 1061, 1060
1041,  1041, 1042, 1062, 1061
1042,  1042, 1043, 1063, 1062
1043,  1043, 1044, 1064, 1063
1044,  1044, 1045, 1065, 1064
1045,  1045, 1046, 1066, 1065
1046,  1046, 1047, 1067, 1066
1047,  1047, 1048, 1068, 1067
1048,  1048, 1049, 1069, 1068
1049,  1049, 1050, 1070, 1069
1050,  1050, 1051, 1071, 1070
1051,  1051, 1052, 1072, 1071
1052,  1052, 1053, 1073, 1072
1053,  1053, 1054, 1074, 1073
1054,  1054, 1055, 1075, 1074
1055,  1055, 1056, 1076, 1075
1056,  1056, 1057, 1077, 1076
1057,  1057, 1058, 1078, 1077
1058,  1058, 1059, 1079, 1078
1060,  1060, 1061, 1081, 1080
1061,  1061, 1062, 1082, 1081
1062,  1062, 1063, 1083, 1082
1063,  1063, 1064, 1084, 1083
1064,  1064, 1065, 1085, 1084
1065,  1065, 1066, 1086, 1085
1066,  1066, 1067, 1087, 1086
1067,  1067, 1068, 1088, 1087
1068,  1068, 1069, 1089, 1088
1069,  1069, 1070, 1090, 1089
1070,  1070, 1071, 1091, 1090
1071,  1071, 1072, 1092, 1091
1072,  1072, 1073, 1093, 1092
1073,  1073, 1074, 1094, 1093
1074,  1074, 1075, 1095, 1094
1075,  1075, 1076, 1096, 1095
1076,  1076, 1077, 1097, 1096
1077,  1077, 1078, 1098, 1097
1078,  1078, 1079, 1099, 1098
1080,  1080, 1081, 1101, 1100
1081,  1081, 1082, 1102, 1101
1082,  1082, 1083, 1103, 1102
1083,  1083, 1084, 1104, 1103
1084,  1084, 1085, 1105, 1104
1085,  1085, 1086, 1106, 1105
1086,  1086, 1087, 1107, 1106
1087,  1087, 1088, 1108, 1107
1088,  1088, 1089, 1109, 1108
1089,  1089, 1090, 1110, 1109
1090,  1090, 1091, 1111, 1110
1091,  1091, 1092, 1112, 1111
1092,  1092, 1093, 1113, 1112
1093,  1093, 1094, 1114, 1113
1094,  1094, 1095, 1115, 1114
1095,  1095, 1096, 1116, 1115
1096,  1096, 1097, 1117, 1116
1097,  1097, 1098, 1118, 1117
1098,  1098, 1099, 1119, 1118
1100,  1100, 1101, 1121, 1120
1101,  1101, 1102, 1122, 1121
1102,  1102, 1103, 1123, 1122
1103,  1103, 1104, 1124, 1123
1104,  1104, 1105, 1125, 1124
1105,  1105, 1106, 1126, 1125
1106,  1106, 1107, 1127, 1126
1107,  1107, 1108, 1128, 1127
1108,  1108, 1109, 1129, 1128
1109,  1109, 1110, 1130, 1129
1110,  1110, 1111, 1131, 1130
1111,  1111, 1112, 1132, 1131
1112,  1112, 1113, 1133, 1132
1113,  1113, 1114, 1134, 1133
1114,  1114, 1115, 1135, 1134
1115,  1115, 1116, 1136, 1135
1116,  1116, 1117, 1137, 1136
1117,  1117, 1118, 1138, 1137
1118,  1118, 1119, 1139, 1138
1120,  1120, 1121, 1141, 1140
1121,  1121, 1122, 1142, 1141
1122,  1122, 1123, 1143, 1142
1123,  1123, 1124, 1144, 1143
1124,  1124, 1125, 1145, 1144
1125,  1125, 1126, 1146, 1145
1126,  1126, 1127, 1147, 1146
1127,  1127, 1128, 1148, 1147
1128,  1128, 1129, 1149, 1148
1129,  1129, 1130, 1150, 1149
1130,  1130, 1131, 1151, 1150
1131,  1131, 1132, 1152, 1151
1132,  1132, 1133, 1153, 1152
1133,  1133, 1134, 1154, 1153
1134,  1134, 1135, 1155, 1154
1135,  1135, 1136, 1156, 1155
1136,  1136, 1137, 1157, 1156
1137,  1137, 1138, 1158, 1157
1138,  1138, 1139, 1159, 1158
1140,  1140, 1141, 1161, 1160
1141,  1141, 1142, 1162, 1161
1142,  1142, 1143, 1163, 1162
1143,  1143, 1144, 1164, 1163
1144,  1144, 1145, 1165, 1164
1145,  1145, 1146, 1166, 1165
1146,  1146, 1147, 1167, 1166
1147,  1147, 1148, 1168, 1167
1148,  1148, 1149, 1169, 1168
1149,  1149, 1150, 1170, 1169
1150,  1150, 1151, 1171, 1170
1151,  1151, 1152, 1172, 1171
1152,  1152, 1153, 1173, 1172
1153,  1153, 1154, 1174, 1173
1154,  1154, 1155, 1175, 1174
1155,  1155, 1156, 1176, 1175
1156,  1156, 1157, 1177, 1176
1157,  1157, 1158, 1178, 1177
1158,  1158, 1159, 1179, 1178
1160,  1160, 1161, 1181, 1180
1161,  1161, 1162, 1182, 1181
1162,  1162, 1163, 1183, 1182
1163,  1163, 1164, 1184, 1183
1164,  1164, 1165, 1185, 1184
1165,  1165, 1166, 1186, 1185
1166,  1166, 1167, 1187, 1186
1167,  1167, 1168, 1188, 1187
1168,  1168, 1169, 1189, 1188
1169,  1169, 1170, 1190, 1189
1170,  1170, 1171, 1191, 1190
1171,  1171, 1172, 1192, 1191
1172,  1172, 1173, 1193, 1192
1173,  1173, 1174, 1194, 1193
1174,  1174, 1175, 1195, 1194
1175,  1175, 1176, 1196, 1195
1176,  1176, 1177, 1197, 1196
1177,  1177, 1178, 1198, 1197
1178,  1178, 1179, 1199, 1198
1180,  1180, 1181, 1201, 1200
1181,  1181, 1182, 1202, 1201
1182,  1182, 1183, 1203, 1202
1183,  1183, 1184, 1204, 1203
1184,  1184, 1185, 1205, 1204
1185,  1185, 1186, 1206, 1205
1186,  1186, 1187, 1207, 1206
1187,  1187, 1188, 1208, 1207
1188,  1188, 1189, 1209, 1208
1189,  1189, 1190, 1210, 1209
1190,  1190, 1191, 1211, 1210
1191,  1191, 1192, 1212, 1211
1192,  1192, 1193, 1213, 1212
1193,  1193, 1194, 1214, 1213
1194,  1194, 1195, 1215, 1214
1195,  1195, 1196, 1216, 1215
1196,  1196, 1197, 1217, 1216
1197,  1197, 1198, 1218, 1217
1198,  1198, 1199, 1219, 1218
1200,  1200, 1201, 1221, 1220
1201,  1201, 1202, 1222, 1221
1202,  1202, 1203, 1223, 1222
1203,  1203, 1204, 1224, 1223
1204,  1204, 1205, 1225, 1224
1205,  1205, 1206, 1226, 1225
1206,  1206, 1207, 1227, 1226
1207,  1207, 1208, 1228, 1227
1208,  1208, 1209, 1229, 1228
1209,  1209, 1210, 1230, 1229
1210,  1210, 1211, 1231, 1230
1211,  1211, 1212, 1232, 1231
1212,  1212, 1213, 1233, 1232
1213,  1213, 1214, 1234, 1233
1214,  1214, 1215, 1235, 1234
1215,  1215, 1216, 1236, 1235
1216,  1216, 1217, 1237, 1236
1217,  1217, 1218, 1238, 1237
1218,  1218, 1219, 1239, 1238
1220,  1220, 1221, 1241, 1240
1221,  1221, 1222, 1242, 1241
1222,  1222, 1223, 1243, 1242
1223,  1223, 1224, 1244, 1243
1224,  1224, 1225, 1245, 1244
1225,  1225, 1226, 1246, 1245
1226,  1226, 1227, 1247, 1246
1227,  1227, 1228, 1248, 1247
1228,  1228, 1229, 1249, 1248
1229,  1229, 1230, 1250, 1249
1230,  1230, 1231, 1251, 1250
1231,  1231, 1232, 1252, 1251
1232,  1232, 1233, 1253, 1252
1233,  1233, 1234, 1254, 1253
1234,  1234, 1235, 1255, 1254
1235,  1235, 1236, 1256, 1255
1236,  1236, 1237, 1257, 1256
1237,  1237, 1238, 1258, 1257
1238,  1238, 1239, 1259, 1258
1240,  1240, 1241, 1261, 1260
1241,  1241, 1242, 1262, 1261
1242,  1242, 1243, 1263, 1262
1243,  1243, 1244, 1264, 1263
1244,  1244, 1245, 1265, 1264
1245,  1245, 1246, 1266, 1265
1246,  1246, 1247, 1267, 1266
1247,  1247, 1248, 1268, 1267
1248,  1248, 1249, 1269, 1268
1249,  1249, 1250, 1270, 1269
1250,  1250, 1251, 1271, 1270
1251,  1251, 1252, 1272, 1271
1252,  1252, 1253, 1273, 1272
1253,  1253, 1254, 1274, 1273
1254,  1254, 1255, 1275, 1274
1255,  1255, 1256, 1276, 1275
1256,  1256, 1257, 1277, 1276
1257,  1257, 1258, 1278, 1277
1258,  1258, 1259, 1279, 1278
1260,  1260, 1261, 1281, 1280
1261,  1261, 1262, 1282, 1281
1262,  1262, 1263, 1283, 1282
1263,  1263, 1264, 1284, 1283
1264,  1264, 1265, 1285, 1284
1265,  1265, 1266, 1286, 1285
1266,  1266, 1267, 1287, 1286
1267,  1267, 1268, 1288, 1287
1268,  1268, 1269, 1289, 1288
1269,  1269, 1270, 1290, 1289
1270,  1270, 1271, 1291, 1290
1271,  1271, 1272, 1292, 1291
1272,  1272, 1273, 1293, 1292
1273,  1273, 1274, 1294, 1293
1274,  1274, 1275, 1295, 1294
1275,  1275, 1276, 1296, 1295
1276,  1276, 1277, 1297, 1296
1277,  1277, 1278, 1298, 1297
1278,  1278, 1279, 1299, 1298
1280,  1280, 1281, 1301, 1300
1281,  1281, 1282, 1302, 1301
1282,  1282, 1283, 1303, 1302
1283,  1283, 1284, 1304, 1303
1284,  1284, 1285, 1305, 1304
1285,  1285, 1286, 1306, 1305
1286,  1286, 1287, 1307, 1306
1287,  1287, 1288, 1308, 1307
1288,  1288, 1289, 1309, 1308
1289,  1289, 1290, 1310, 1309
1290,  1290, 1291, 1311, 1310
1291,  1291, 1292, 1312, 1311
1292,  1292, 1293, 1313, 1312
1293,  1293, 1294, 1314, 1313
1294,  1294, 1295, 1315, 1314
1295,  1295, 1296, 1316, 1315
1296,  1296, 1297, 1317, 1316
1297,  1297, 1298, 1318, 1317
1298,  1298, 1299, 1319, 1318
1300,  1300, 1301, 1321, 1320
1301,  1301, 1302, 1322, 1321
1302,  1302, 1303, 1323, 1322
1303,  1303, 1304, 1324, 1323
1304,  1304, 1305, 1325, 1324
1305,  1305, 1306, 1326, 1325
1306,  1306, 1307, 1327, 1326
1307,  1307, 1308, 1328, 1327
1308,  1308, 1309, 1329, 1328
1309,  1309, 1310, 1330, 1329
1310,  1310, 1311, 1331, 1330
1311,  1311, 1312, 1332, 1331
1312,  1312, 1313, 1333, 1332
1313,  1313, 1314, 1334, 1333
1314,  1314, 1315, 1335, 1334
1315,  1315, 1316, 1336, 1335
1316,  1316, 1317, 1337, 1336
1317,  1317, 1318, 1338, 1337
1318,  1318, 1319, 1339, 1338
1320,  1320, 1321, 1341, 1340
1321,  1321, 1322, 1342, 1341
1322,  1322, 1323, 1343, 1342
1323,  1323, 1324, 1344, 1343
1324,  1324, 1325, 1345, 1344
1325,  1325, 1326, 1346, 1345
1326,  1326, 1327, 1347, 1346
1327,  1327, 1328, 1348, 1347
1328,  1328, 1329, 1349, 1348
1329,  1329, 1330, 1350, 1349
1330,  1330, 1331, 1351, 1350
1331,  1331, 1332, 1352, 1351
1332,  1332, 1333, 1353, 1352
1333,  1333, 1334, 1354, 1353
1334,  1334, 1335, 1355, 1354
1335,  1335, 1336, 1356, 1355
1336,  1336, 1337, 1357, 1356
1337,  1337, 1338, 1358, 1357
1338,  1338, 1339, 1359, 1358
1340,  1340, 1341, 1361, 1360
1341,  1341, 1342, 1362, 1361
1342,  1342, 1343, 1363, 1362
1343,  1343, 1344, 1364, 1363
1344,  1344, 1345, 1365, 1364
1345,  1345, 1346, 1366, 1365
1346,  1346, 1347, 1367, 1366
1347,  1347, 1348, 1368, 1367
1348,  1348, 1349, 1369, 1368
1349,  1349, 1350, 1370, 1369
1350,  1350, 1351, 1371, 1370
1351,  1351, 1352, 1372, 1371
1352,  1352, 1353, 1373, 1372
1353,  1353, 1354, 1374, 1373
1354,  1354, 1355, 1375, 1374
1355,  1355, 1356, 1376, 1375
1356,  1356, 1357, 1377, 1376
1357,  1357, 1358, 1378, 1377
1358,  1358, 1359, 1379, 1378
1360,  1360, 1361, 1381, 1380
1361,  1361, 1362, 1382, 1381
1362,  1362, 1363, 1383, 1382
1363,  1363, 1364, 1384, 1383
1364,  1364, 1365, 1385, 1384
1365,  1365, 1366, 1386, 1385
1366,  1366, 1367, 1387, 1386
1367,  1367, 1368, 1388, 1387
1368,  1368, 1369, 1389, 1388
1369,  1369, 1370, 1390, 1389
1370,  1370, 1371, 1391, 1390
1371,  1371, 1372, 1392, 1391
1372,  1372, 1373, 1393, 1392
1373,  1373, 1374, 1394, 1393
1374,  1374, 1375, 1395, 1394
1375,  1375, 1376, 1396, 1395
1376,  1376, 1377, 1397, 1396
1377,  1377, 1378, 1398, 1397
1378,  1378, 1379, 1399, 1398
1380,  1380, 1381, 1401, 1400
1381,  1381, 1382, 1402, 1401
1382,  1382, 1383, 1403, 1402
1383,  1383, 1384, 1404, 1403
1384,  1384, 1385, 1405, 1404
1385,  1385, 1386, 1406, 1405
1386,  1386, 1387, 1407, 1406
1387,  1387, 1388, 1408, 1407
1388,  1388, 1389, 1409, 1408
1389,  1389, 1390, 1410, 1409
1390,  1390, 1391, 1411, 1410
1391,  1391, 1392, 1412, 1411
1392,  1392, 1393, 1413, 1412
1393,  1393, 1394, 1414, 1413
1394,  1394, 1395, 1415, 1414
1395,  1395, 1396, 1416, 1415
1396,  1396, 1397, 1417, 1416
1397,  1397, 1398, 1418, 1417
1398,  1398, 1399, 1419, 1418
2000,  2151, 2150, 2100, 2101
2001,  2101, 2100, 2050, 2051
2002,  2051, 2050, 2000, 2001
2003,  2001, 2000, 1950, 1951
2004,  1951, 1950, 1900, 1901
2005,  1901, 1900, 1850, 1851
2006,  1851, 1850, 1800, 1801
2007,  1800, 1750, 1751, 1801
2008,  1750, 1700, 1701, 1751
2009,  1700, 1650, 1651, 1701
2010,  1650, 1600, 1601, 1651
2011,  1600, 1550, 1551, 1601
2012,  1550, 1500, 1501, 1551
2013,  1500, 1450, 1451, 1501
2014,  2152, 2151, 2101, 2102
2015,  2102, 2101, 2051, 2052
2016,  2052, 2051, 2001, 2002
2017,  2002, 2001, 1951, 1952
2018,  1952, 1951, 1901, 1902
2019,  1902, 1901, 1851, 1852
2020,  1852, 1851, 1801, 1802
2021,  1801, 1751, 1752, 1802
2022,  1751, 1701, 1702, 1752
2023,  1701, 1651, 1652, 1702
2024,  1651, 1601, 1602, 1652
2025,  1601, 1551, 1552, 1602
2026,  1551, 1501, 1502, 1552
2027,  1501, 1451, 1452, 1502
2028,  2153, 2152, 2102, 2103
2029,  2103, 2102, 2052, 2053
2030,  2053, 2052, 2002, 2003
2031,  2003, 2002, 1952, 1953
2032,  1953, 1952, 1902, 1903
2033,  1903, 1902, 1852, 1853
2034,  1853, 1852, 1802, 1803
2035,  1802, 1752, 1753, 1803
2036,  1752, 1702, 1703, 1753
2037,  1702, 1652, 1653, 1703
2038,  1652, 1602, 1603, 1653
2039,  1602, 1552, 1553, 1603
2040,  1552, 1502, 1503, 1553
2041,  1502, 1452, 1453, 1503
2042,  2154, 2153, 2103, 2104
2043,  2104, 2103, 2053, 2054
2044,  2054, 2053, 2003, 2004
2045,  2004, 2003, 1953, 1954
2046,  1954, 1953, 1903, 1904
2047,  1904, 1903, 1853, 1854
2048,  1854, 1853, 1803, 1804
2049,  1803, 1753, 1754, 1804
2050,  1753, 1703, 1704, 1754
2051,  1703, 1653, 1654, 1704
2052,  1653, 1603, 1604, 1654
2053,  1603, 1553, 1554, 1604
2054,  1553, 1503, 1504, 1554
2055,  1503, 1453, 1454, 1504
2056,  2155, 2154, 2104, 2105
2057,  2105, 2104, 2054, 2055
2058,  2055, 2054, 2004, 2005
2059,  2005, 2004, 1954, 1955
2060,  1955, 1954, 1904, 1905
2061,  1905, 1904, 1854, 1855
2062,  1855, 1854, 1804, 1805
2063,  1804, 1754, 1755, 1805
2064,  1754, 1704, 1705, 1755
2065,  1704, 1654, 1655, 1705
2066,  1654, 1604, 1605, 1655
2067,  1604, 1554, 1555, 1605
2068,  1554, 1504, 1505, 1555
2069,  1504, 1454, 1455, 1505
2070,  2156, 2155, 2105, 2106
2071,  2106, 2105, 2055, 2056
2072,  2056, 2055, 2005, 2006
2073,  2006, 2005, 1955, 1956
2074,  1956, 1955, 1905, 1906
2075,  1906, 1905, 1855, 1856
2076,  1856, 1855, 1805, 1806
2077,  1805, 1755, 1756, 1806
2078,  1755, 1705, 1706, 1756
2079,  1705, 1655, 1656, 1706
2080,  1655, 1605, 1606, 1656
2081,  1605, 1555, 1556, 1606
2082,  1555, 1505, 1506, 1556
2083,  1505, 1455, 1456, 1506
2084,  2157, 2156, 2106, 2107
2085,  2107, 2106, 2056, 2057
2086,  2057, 2056, 2006, 2007
2087,  2007, 2006, 1956, 1957
2088,  1957, 1956, 1906, 1907
2089,  1907, 1906, 1856, 1857
2090,  1857, 1856, 1806, 1807
2091,  1806, 1756, 1757, 1807
2092,  1756, 1706, 1707, 1757
2093,  1706, 1656, 1657, 1707
2094,  1656, 1606, 1607, 1657
2095,  1606, 1556, 1557, 1607
2096,  1556, 1506, 1507, 1557
2097,  1506, 1456, 1457, 1507
2098,  2158, 2157, 2107, 2108
2099,  2108, 2107, 2057, 2058
2100,  2058, 2057, 2007, 2008
2101,  2008, 2007, 1957, 1958
2102,  1958, 1957, 1907, 1908
2103,  1908, 1907, 1857, 1858
2104,  1858, 1857, 1807, 1808
2105,  1807, 1757, 1758, 1808
2106,  1757, 1707, 1708, 1758
2107,  1707, 1657, 1658, 1708
2108,  1657, 1607, 1608, 1658
2109,  1607, 1557, 1558, 1608
2110,  1557, 1507, 1508, 1558
2111,  1507, 1457, 1458, 1508
2112,  2159, 2158, 2108, 2109
2113,  2109, 2108, 2058, 2059
2114,  2059, 2058, 2008, 2009
2115,  2009, 2008, 1958, 1959
2116,  1959, 1958, 1908, 1909
2117,  1909, 1908, 1858, 1859
2118,  1859, 1858, 1808, 1809
2119,  1808, 1758, 1759, 1809
2120,  1758, 1708, 1709, 1759
2121,  1708, 1658, 1659, 1709
2122,  1658, 1608, 1609, 1659
2123,  1608, 1558, 1559, 1609
2124,  1558, 1508, 1509, 1559
2125,  1508, 1458, 1459, 1509
2126,  2160, 2159, 2109, 2110
2127,  2110, 2109, 2059, 2060
2128,  2060, 2059, 2009, 2010
2129,  2010, 2009, 1959, 1960
2130,  1960, 1959, 1909, 1910
2131,  1910, 1909, 1859, 1860
2132,  1860, 1859, 1809, 1810
2133,  1809, 1759, 1760, 1810
2134,  1759, 1709, 1710, 1760
2135,  1709, 1659, 1660, 1710
2136,  1659, 1609, 1610, 1660
2137,  1609, 1559, 1560, 1610
2138,  1559, 1509, 1510, 1560
2139,  1509, 1459, 1460, 1510
2140,  2161, 2160, 2110, 2111
2141,  2111, 2110, 2060, 2061
2142,  2061, 2060, 2010, 2011
2143,  2011, 2010, 1960, 1961
2144,  1961, 1960, 1910, 1911
2145,  1911, 1910, 1860, 1861
2146,  1861, 1860, 1810, 1811
2147,  1810, 1760, 1761, 1811
2148,  1760, 1710, 1711, 1761
2149,  1710, 1660, 1661, 1711
2150,  1660, 1610, 1611, 1661
2151,  1610, 1560, 1561, 1611
2152,  1560, 1510, 1511, 1561
2153,  1510, 1460, 1461, 1511
2154,  2162, 2161, 2111, 2112
2155,  2112, 2111, 2061, 2062
2156,  2062, 2061, 2011, 2012
2157,  2012, 2011, 1961, 1962
2158,  1962, 1961, 1911, 1912
2159,  1912, 1911, 1861, 1862
2160,  1862, 1861, 1811, 1812
2161,  1811, 1761, 1762, 1812
2162,  1761, 1711, 1712, 1762
2163,  1711, 1661, 1662, 1712
2164,  1661, 1611, 1612, 1662
2165,  1611, 1561, 1562, 1612
2166,  1561, 1511, 1512, 1562
2167,  1511, 1461, 1462, 1512
2168,  2163, 2162, 2112, 2113
2169,  2113, 2112, 2062, 2063
2170,  2063, 2062, 2012, 2013
2171,  2013, 2012, 1962, 1963
2172,  1963, 1962, 1912, 1913
2173,  1913, 1912, 1862, 1863
2174,  1863, 1862, 1812, 1813
2175,  1812, 1762, 1763, 1813
2176,  1762, 1712, 1713, 1763
2177,  1712, 1662, 1663, 1713
2178,  1662, 1612, 1613, 1663
2179,  1612, 1562, 1563, 1613
2180,  1562, 1512, 1513, 1563
2181,  1512, 1462, 1463, 1513
2182,  2164, 2163, 2113, 2114
2183,  2114, 2113, 2063, 2064
2184,  2064, 2063, 2013, 2014
2185,  2014, 2013, 1963, 1964
2186,  1964, 1963, 1913, 1914
2187,  1914, 1913, 1863, 1864
2188,  1864, 1863, 1813, 1814
2189,  1813, 1763, 1764, 1814
2190,  1763, 1713, 1714, 1764
2191,  1713, 1663, 1664, 1714
2192,  1663, 1613, 1614, 1664
2193,  1613, 1563, 1564, 1614
2194,  1563, 1513, 1514, 1564
2195,  1513, 1463, 1464, 1514
2196,  2165, 2164, 2114, 2115
2197,  2115, 2114, 2064, 2065
2198,  2065, 2064, 2014, 2015
2199,  2015, 2014, 1964, 1965
2200,  1965, 1964, 1914, 1915
2201,  1915, 1914, 1864, 1865
2202,  1865, 1864, 1814, 1815
2203,  1814, 1764, 1765, 1815
2204,  1764, 1714, 1715, 1765
2205,  1714, 1664, 1665, 1715
2206,  1664, 1614, 1615, 1665
2207,  1614, 1564, 1565, 1615
2208,  1564, 1514, 1515, 1565
2209,  1514, 1464, 1465, 1515
2210,  2166, 2165, 2115, 2116
2211,  2116, 2115, 2065, 2066
2212,  2066, 2065, 2015, 2016
2213,  2016, 2015, 1965, 1966
2214,  1966, 1965, 1915, 1916
2215,  1916, 1915, 1865, 1866
2216,  1866, 1865, 1815, 1816
2217,  1815, 1765, 1766, 1816
2218,  1765, 1715, 1716, 1766
2219,  1715, 1665, 1666, 1716
2220,  1665, 1615, 1616, 1666
2221,  1615, 1565, 1566, 1616
2222,  1565, 1515, 1516, 1566
2223,  1515, 1465, 1466, 1516
2224,  2167, 2166, 2116, 2117
2225,  2117, 2116, 2066, 2067
2226,  2067, 2066, 2016, 2017
2227,  2017, 2016, 1966, 1967
2228,  1967, 1966, 1916, 1917
2229,  1917, 1916, 1866, 1867
2230,  1867, 1866, 1816, 1817
2231,  1816, 1766, 1767, 1817
2232,  1766, 1716, 1717, 1767
2233,  1716, 1666, 1667, 1717
2234,  1666, 1616, 1617, 1667
2235,  1616, 1566, 1567, 1617
2236,  1566, 1516, 1517, 1567
2237,  1516, 1466, 1467, 1517
2238,  2168, 2167, 2117, 2118
2239,  2118, 2117, 2067, 2068
2240,  2068, 2067, 2017, 2018
2241,  2018, 2017, 1967, 1968
2242,  1968, 1967, 1917, 1918
2243,  1918, 1917, 1867, 1868
2244,  1868, 1867, 1817, 1818
2245,  1817, 1767, 1768, 1818
2246,  1767, 1717, 1718, 1768
2247,  1717, 1667, 1668, 1718
2248,  1667, 1617, 1618, 1668
2249,  1617, 1567, 1568, 1618
2250,  1567, 1517, 1518, 1568
2251,  1517, 1467, 1468, 1518
2252,  2169, 2168, 2118, 2119
2253,  2119, 2118, 2068, 2069
2254,  2069, 2068, 2018, 2019
2255,  2019, 2018, 1968, 1969
2256,  1969, 1968, 1918, 1919
2257,  1919, 1918, 1868, 1869
2258,  1869, 1868, 1818, 1819
2259,  1818, 1768, 1769, 1819
2260,  1768, 1718, 1719, 1769
2261,  1718, 1668, 1669, 1719
2262,  1668, 1618, 1619, 1669
2263,  1618, 1568, 1569, 1619
2264,  1568, 1518, 1519, 1569
2265,  1518, 1418, 1419, 1519
3000,  2150,    3,   30, 2100
3001,  2100,   30,   28, 2050
3002,  2050,   28,   26, 2000
3003,  2000,   26,   24, 1950
3004,  1950,   24,   22, 1900
3005,  1900,   22,   20, 1850
3006,  1850,   20,    2, 1800
3007,  1800,    2,   83, 1750
3008,  1750,   83,   81, 1700
3009,  1700,   81,   79, 1650
3010,  1650,   79,   77, 1600
3011,  1600,   77,   75, 1550
3012,  1550,   75,   73, 1500
3013,  1500,   73,   71, 1450
3014,    71,    6, 1400, 1450
3015,     6,  154, 1380, 1400
3016,   154,  153, 1360, 1380
3017,   153,  152, 1340, 1360
3018,   152,  151, 1320, 1340
3019,   151,  150, 1300, 1320
3020,   150,  149, 1280, 1300
3021,   149,  148, 1260, 1280
3022,   148,  147, 1240, 1260
3023,   147,  146, 1220, 1240
3024,   146,  145, 1200, 1220
3025,   145,  144, 1180, 1200
3026,   144,  143, 1160, 1180
3027,   143,  142, 1140, 1160
3028,   142,  141, 1120, 1140
3029,   141,  140, 1100, 1120
3030,   140,  139, 1080, 1100
3031,   139,  138, 1060, 1080
3032,   138,  137, 1040, 1060
3033,   137,  136, 1020, 1040
3034,   136,   10, 1000, 1020
3035,  1450, 1400, 1401, 1451
3036,  1451, 1401, 1402, 1452
3037,  1452, 1402, 1403, 1453
3038,  1453, 1403, 1404, 1454
3039,  1454, 1404, 1405, 1455
3040,  1455, 1405, 1406, 1456
3041,  1456, 1406, 1407, 1457
3042,  1457, 1407, 1408, 1458
3043,  1458, 1408, 1409, 1459
3044,  1459, 1409, 1410, 1460
3045,  1460, 1410, 1411, 1461
3046,  1461, 1411, 1412, 1462
3047,  1462, 1412, 1413, 1463
3048,  1463, 1413, 1414, 1464
3049,  1464, 1414, 1415, 1465
3050,  1465, 1415, 1416, 1466
3051,  1466, 1416, 1417, 1467
3052,  1467, 1417, 1418, 1468
4000,  2170, 2169, 2069, 2070
4001,  2070, 2069, 1969, 1970
4002,  1970, 1969, 1869, 1870
4003,  1870, 1869, 1769, 1770
4004,  1770, 1769, 1669, 1670
4005,  1670, 1669, 1569, 1570
4006,  2171, 2170, 2070, 2071
4007,  2071, 2070, 1970, 1971
4008,  1971, 1970, 1870, 1871
4009,  1871, 1870, 1770, 1771
4010,  1771, 1770, 1670, 1671
4011,  1671, 1670, 1570, 1571
4012,  2172, 2171, 2071, 2072
4013,  2072, 2071, 1971, 1972
4014,  1972, 1971, 1871, 1872
4015,  1872, 1871, 1771, 1772
4016,  1772, 1771, 1671, 1672
4017,  1672, 1671, 1571, 1572
4018,  2173, 2172, 2072, 2073
4019,  2073, 2072, 1972, 1973
4020,  1973, 1972, 1872, 1873
4021,  1873, 1872, 1772, 1773
4022,  1773, 1772, 1672, 1673
4023,  1673, 1672, 1572, 1573
4024,  2174, 2173, 2073, 2074
4025,  2074, 2073, 1973, 1974
4026,  1974, 1973, 1873, 1874
4027,  1874, 1873, 1773, 1774
4028,  1774, 1773, 1673, 1674
4029,  1674, 1673, 1573, 1574
4030,  2175, 2174, 2074, 2075
4031,  2075, 2074, 1974, 1975
4032,  1975, 1974, 1874, 1875
4033,  1875, 1874, 1774, 1775
4034,  1775, 1774, 1674, 1675
4035,  1675, 1674, 1574, 1575
4036,  2176, 2175, 2075, 2076
4037,  2076, 2075, 1975, 1976
4038,  1976, 1975, 1875, 1876
4039,  1876, 1875, 1775, 1776
4040,  1776, 1775, 1675, 1676
4041,  1676, 1675, 1575, 1576
4042,  1569, 1519, 1520, 1570
4043,  1570, 1520, 1521, 1571
4044,  1571, 1521, 1522, 1572
4045,  1572, 1522, 1523, 1573
4046,  1573, 1523, 1524, 1574
4047,  1574, 1524, 1525, 1575
4048,  1575, 1525, 1526, 1576
4049,  1519, 1419, 3420, 1520
4050,  1520, 3420, 3421, 1521
4051,  1521, 3421, 3422, 1522
4052,  1522, 3422, 3423, 1523
4053,  1523, 3423, 3424, 1524
4054,  1524, 3424, 3425, 1525
4055,  1525, 3425, 3426, 1526
4090,  1419, 1379, 3380, 3420
4091,  1379, 1339, 3340, 3380
4092,  1339, 1299, 3300, 3340
4093,  1299, 1259, 3260, 3300
4094,  1259, 1219, 3220, 3260
4095,  1219, 1179, 3180, 3220
4096,  1179, 1139, 3140, 3180
4097,  1139, 1099, 3100, 3140
4098,  1099, 1059, 3060, 3100
4099,  1059, 1019, 3020, 3060
5000,  3020, 3021, 3061, 3060
5001,  3021, 3022, 3062, 3061
5002,  3022, 3023, 3063, 3062
5003,  3023, 3024, 3064, 3063
5004,  3024, 3025, 3065, 3064
5005,  3025, 3026, 3066, 3065
5007,  3060, 3061, 3101, 3100
5008,  3061, 3062, 3102, 3101
5009,  3062, 3063, 3103, 3102
5010,  3063, 3064, 3104, 3103
5011,  3064, 3065, 3105, 3104
5012,  3065, 3066, 3106, 3105
5014,  3100, 3101, 3141, 3140
5015,  3101, 3102, 3142, 3141
5016,  3102, 3103, 3143, 3142
5017,  3103, 3104, 3144, 3143
5018,  3104, 3105, 3145, 3144
5019,  3105, 3106, 3146, 3145
5021,  3140, 3141, 3181, 3180
5022,  3141, 3142, 3182, 3181
5023,  3142, 3143, 3183, 3182
5024,  3143, 3144, 3184, 3183
5025,  3144, 3145, 3185, 3184
5026,  3145, 3146, 3186, 3185
5028,  3180, 3181, 3221, 3220
5029,  3181, 3182, 3222, 3221
5030,  3182, 3183, 3223, 3222
5031,  3183, 3184, 3224, 3223
5032,  3184, 3185, 3225, 3224
5033,  3185, 3186, 3226, 3225
5035,  3220, 3221, 3261, 3260
5036,  3221, 3222, 3262, 3261
5037,  3222, 3223, 3263, 3262
5038,  3223, 3224, 3264, 3263
5039,  3224, 3225, 3265, 3264
5040,  3225, 3226, 3266, 3265
5042,  3260, 3261, 3301, 3300
5043,  3261, 3262, 3302, 3301
5044,  3262, 3263, 3303, 3302
5045,  3263, 3264, 3304, 3303
5046,  3264, 3265, 3305, 3304
5047,  3265, 3266, 3306, 3305
5049,  3300, 3301, 3341, 3340
5050,  3301, 3302, 3342, 3341
5051,  3302, 3303, 3343, 3342
5052,  3303, 3304, 3344, 3343
5053,  3304, 3305, 3345, 3344
5054,  3305, 3306, 3346, 3345
5056,  3340, 3341, 3381, 3380
5057,  3341, 3342, 3382, 3381
5058,  3342, 3343, 3383, 3382
5059,  3343, 3344, 3384, 3383
5060,  3344, 3345, 3385, 3384
5061,  3345, 3346, 3386, 3385
5063,  3380, 3381, 3421, 3420
5064,  3381, 3382, 3422, 3421
5065,  3382, 3383, 3423, 3422
5066,  3383, 3384, 3424, 3423
5067,  3384, 3385, 3425, 3424
5068,  3385, 3386, 3426, 3425